my_PDR:
0.7723751001870157,0.6548989910238991,0.4973595185726886,0.36775825417754215,0.29254255824585623,
my_avgAoI_arr
my_PDR:
0.7668569874932029,0.5939596577286025,0.4837028094820018,0.3422434558641996,0.25196635497293185,
my_avgAoI_arr
my_PDR:
0.6359560369797246,0.49703272027373824,0.32097286529557445,0.2312963488268428,0.1616698363986082,
my_avgAoI_arr
my_PDR:
0.7823439878234398,0.528681687759959,0.4235971608410339,0.3464642246082962,0.2892776478089653,
my_avgAoI_arr
my_PDR:
0.7709109933948074,0.4629260313263271,0.2991319755966266,0.214786552540913,0.16572742335999138,
my_avgAoI_arr
