[0.7542861157953906, 0.5517715858273133, 0.4733555794355523, 0.3778780765065549, 0.31733287882593564]
[0.7757230255839822, 0.5100047913481941, 0.31495559023995867, 0.21110403752722398, 0.15935272880195775]
GenerateData.Generate(NumArray[i], [[100, 200], [100, 200], [200, 300], [200, 300], [300, 400], [300, 400]])
    SetSFwithOurMethod.SetSF(NumArray[i], 6, 10, 4)


my_PDR:
0.7759347382732835,0.6503490164083039,0.5670464604280624,0.42502883506343714,0.30405973821563287,
my_avgAoI_arr

[0.7759347382732835, 0.6503490164083039, 0.5670464604280624, 0.42502883506343714, 0.30405973821563287]
